11 18
16 10
7 8
1 13
5 12
11 11
0 1
7 12
13 14
19 19
12 19
14 17
12 2
5 14
1 7
12 0
17 16
4 6
12 6
5 10
4 15
4 0
17 13
8 0
0 0
13 8
2 18
14 4
2 0
4 1
6 9
2 5
12 3
10 4
12 9
1 17
6 3
13 7
1 15
7 5
4 12
7 19
15 19
11 4
8 16
17 19
16 1
11 13
5 11
18 15
6 5
1 4
5 2
12 4
12 8
13 4
6 4
12 7
17 9
9 4
0 14
16 0
8 14
18 5
0 11
9 8
1 8
13 19
11 8
8 18
17 14
3 17
3 9
0 12
8 5
3 2
3 19
13 9
10 9
19 12
1 18
1 12
6 17
1 6
11 19
15 0
5 6
18 6
17 10
1 9
18 4
7 1
19 9
12 11
10 3
16 5
15 5
9 0
17 8
5 15
9 6
17 4
4 11
15 18
19 4
4 4
7 11
0 15
12 15
2 7
16 6
8 12
6 14
9 16
12 5
4 2
0 2
19 13
2 9
1 1
9 12
16 12
12 17
14 7
3 4
13 6
6 8
18 12
15 10
13 2
17 17
11 9
1 19
9 14
17 0
12 10
10 19
6 12
5 13
19 14
19 0
3 10
5 1
13 10
0 9
8 1
8 15
14 10
10 8
3 6
1 10
16 17
15 1
7 6
9 9
17 12
15 11
3 12
12 13
4 16
10 14
7 4
15 2
3 14
2 13
3 7
9 10
15 15
16 16
13 12
10 2
2 14
3 11
9 3
4 19
14 15
2 2
18 13
10 12
6 0
6 15
14 0
3 5
19 2
13 11
5 0
16 11
15 12
5 18
15 13
9 13
15 7
14 19
10 17
9 5
2 1
19 10
6 10
4 8
15 17
19 7
15 14
4 7
2 4
15 3
6 6
5 9
16 13
18 17
14 12
14 6
7 15
0 19
9 17
0 5
18 16
10 1
4 5
11 2
14 18
16 14
14 13
8 8
5 17
15 16
5 7
12 1
11 0
6 2
7 13
2 8
16 15
3 18
19 6
9 2
12 16
4 18
4 17
17 1
10 10
2 10
11 1
19 3
19 11
18 11
16 9
2 16
0 16
10 5
7 3
6 19
0 10
4 10
5 4
13 0
18 0
18 14
17 11
10 11
13 18
11 5
3 3
18 19
18 9
11 16
17 2
9 7
4 13
2 11
17 18
18 10
13 15
0 7
9 19
8 9
4 9
10 15
7 10
8 10
10 7
7 0
1 2
8 13
13 5
13 13
19 15
11 14
1 5
8 4
1 3
19 1
17 15
18 2
19 18
8 17
15 9
1 0
2 17
16 3
16 19
19 8
5 16
9 11
5 5
11 3
3 1
8 3
8 11
0 6
0 4
16 2
2 3
1 11
0 18
18 7
11 10
8 7
7 14
11 15
0 17
16 18
13 16
3 16
6 13
15 4
11 12
11 17
19 16
10 0
14 9
17 6
7 2
12 14
4 3
17 5
10 13
18 8
3 13
8 19
12 12
9 1
3 0
16 7
7 18
12 18
6 7
17 7
14 16
14 14
15 6
8 2
14 3
9 15
15 8
7 17
14 5
14 2
14 1
5 3
3 15
5 19
2 15
18 1
18 3
16 4
2 6
1 14
11 7
19 17
3 8
6 1
10 6
10 16
7 7
11 6
14 8
0 3
17 3
10 18
1 16
7 16
6 16
2 12
14 11
13 17
7 9
4 14
6 18
6 11
0 13
19 5
5 8
18 18
0 8
13 1
16 8
9 18
8 6
13 3
2 19
