7 3
6 9
19 19
17 7
19 4
18 4
18 19
9 0
10 7
14 18
12 6
10 18
0 17
15 11
14 1
12 17
0 4
15 4
4 10
3 2
5 11
16 0
7 5
17 13
16 19
18 10
8 12
15 16
14 8
13 0
12 8
11 16
15 13
2 18
0 14
3 11
2 1
1 15
4 12
2 12
5 1
3 17
6 14
7 2
19 18
7 15
16 10
19 7
18 5
17 11
8 6
10 9
9 7
11 4
10 4
14 19
12 7
11 9
10 19
15 10
14 6
12 18
1 19
0 5
15 7
13 19
1 0
0 8
4 11
3 5
2 7
4 6
6 1
5 7
4 17
16 1
19 12
17 12
7 17
19 1
18 11
8 13
9 8
8 0
10 15
8 19
11 14
12 9
11 19
15 12
13 12
2 19
0 15
3 10
1 14
4 13
2 13
5 0
3 16
6 15
16 11
6 18
7 14
19 6
18 2
17 10
9 6
11 7
10 5
14 16
11 8
10 16
0 19
14 7
13 5
12 19
1 18
15 6
1 7
3 4
2 4
5 9
4 7
16 2
7 7
5 19
19 0
18 8
17 16
8 14
9 15
8 1
10 12
11 1
9 17
15 18
11 18
15 15
13 11
2 16
0 0
3 13
2 10
5 15
3 19
17 4
7 9
6 19
18 3
18 14
8 8
9 5
11 6
10 2
12 1
11 11
10 17
14 4
13 4
1 17
0 7
15 1
13 17
1 6
0 10
3 7
1 11
4 0
6 7
5 5
7 6
16 3
5 18
6 10
7 19
19 3
18 9
8 15
9 14
8 2
10 13
11 0
14 2
13 10
2 17
0 1
3 12
1 12
3 1
2 11
5 14
3 18
6 13
16 13
6 16
19 8
18 0
8 9
9 4
10 3
11 10
13 16
1 5
0 11
3 6
2 2
1 10
6 4
16 4
6 11
7 1
19 17
17 1
7 18
18 6
9 13
10 10
9 2
11 3
14 12
12 4
15 9
14 3
13 9
1 3
4 8
3 0
5 13
6 2
7 11
6 17
19 11
18 1
17 15
16 17
18 12
8 10
9 11
12 3
11 13
14 10
13 2
12 14
15 3
13 15
0 12
3 9
1 9
4 2
2 14
5 3
7 0
16 5
5 16
6 8
19 16
17 0
16 8
7 13
19 5
18 7
18 18
10 11
9 1
11 2
10 6
14 13
12 5
14 0
13 8
0 3
15 5
3 14
1 2
4 9
2 9
4 4
6 3
16 15
7 10
17 14
16 18
18 13
17 19
9 10
10 1
8 17
11 12
15 17
14 11
13 1
11 17
15 2
0 13
3 8
2 0
1 8
4 3
2 15
5 2
