7 3
20 25
16 9
6 28
21 28
19 4
17 20
7 25
22 19
20 7
18 19
23 26
21 6
8 5
9 0
10 7
11 22
0 17
24 14
14 1
12 17
1 28
25 15
15 4
13 20
2 27
26 12
29 17
3 2
27 1
4 5
28 10
5 24
29 11
16 0
6 23
19 13
17 13
7 22
20 14
18 10
23 19
21 15
8 12
22 12
9 9
23 9
10 14
8 18
11 15
9 19
24 21
14 8
12 8
1 21
25 16
15 13
13 13
2 18
26 23
0 14
3 11
27 6
1 15
4 12
28 1
2 12
5 1
29 4
3 17
16 7
6 14
19 18
17 6
7 15
20 21
18 5
16 29
21 8
17 24
22 7
23 6
10 9
8 25
11 4
9 20
24 28
14 19
12 7
10 19
25 25
15 10
13 6
11 26
0 5
24 2
12 29
1 0
25 3
4 11
28 24
2 7
5 10
29 29
3 22
6 1
4 17
19 27
7 4
5 20
20 28
16 20
6 27
21 17
19 1
17 17
18 22
8 0
9 29
14 26
10 26
15 19
11 19
26 25
0 28
24 9
12 20
27 20
1 25
25 4
13 25
28 23
26 3
29 22
27 10
4 24
28 13
5 29
20 27
16 11
6 18
21 26
19 6
17 10
7 27
22 17
20 1
18 17
23 20
21 4
8 7
22 11
9 6
14 29
10 5
15 24
11 8
0 19
24 16
14 7
12 19
1 18
25 13
15 6
13 18
2 25
26 10
0 9
3 4
27 3
4 7
28 4
5 6
29 9
16 2
6 21
19 15
17 3
7 16
20 8
18 8
16 24
21 13
8 14
22 2
9 15
23 11
10 12
8 20
11 1
9 17
24 23
14 14
12 10
10 22
25 22
15 15
13 11
2 16
26 21
0 0
3 13
27 24
1 13
4 14
28 3
2 10
5 15
29 2
3 19
6 12
4 20
19 20
17 4
7 9
20 23
18 3
21 22
22 5
18 29
23 0
8 27
11 6
9 26
14 17
12 1
10 17
15 20
13 4
11 28
26 28
0 7
24 4
27 17
1 6
25 1
28 26
2 5
26 6
5 8
29 27
3 24
6 7
4 19
19 29
7 6
5 18
16 22
6 25
19 3
17 23
7 28
22 28
20 4
18 20
23 25
8 2
9 3
14 24
10 24
15 29
11 21
24 11
14 2
12 22
27 22
25 10
13 23
28 17
2 28
26 1
29 20
3 1
27 12
4 26
28 15
5 27
29 14
16 13
6 16
21 24
19 8
17 8
7 21
22 23
20 3
18 15
23 22
21 2
8 9
22 9
9 4
23 12
10 3
15 26
11 10
0 21
24 18
14 5
12 13
1 16
25 19
15 0
13 16
2 23
26 8
0 11
3 6
27 5
1 10
4 1
28 6
5 4
29 7
16 4
6 11
19 17
17 1
7 18
20 10
18 6
16 26
21 11
17 27
22 0
9 13
23 5
10 10
8 22
11 3
9 23
24 25
14 12
12 4
10 20
25 20
15 9
13 9
11 25
26 19
0 2
3 15
27 26
1 3
4 8
28 29
2 8
5 13
29 0
3 21
6 2
4 22
19 22
7 11
5 23
20 17
18 1
16 17
21 20
17 28
22 27
18 27
23 2
8 29
9 24
14 23
12 3
25 29
15 22
13 2
26 26
0 25
24 6
12 25
27 19
1 4
25 7
13 28
28 20
2 3
26 4
29 25
3 26
27 9
6 5
4 29
7 0
5 16
20 24
16 8
21 29
19 5
17 21
22 18
20 6
18 18
23 27
21 7
8 4
9 1
10 6
11 23
0 16
24 13
14 0
12 16
1 29
25 8
15 5
13 21
28 19
2 26
26 15
29 18
3 3
27 14
4 4
28 9
5 25
29 12
16 15
6 22
19 10
17 14
7 23
22 21
20 13
18 13
23 16
21 0
8 11
22 15
9 10
23 14
10 1
8 17
11 12
0 23
24 20
14 11
12 15
1 22
25 17
15 2
13 14
2 21
26 22
0 13
3 8
27 7
1 8
4 3
28 0
2 15
5 2
29 5
16 6
6 9
19 19
17 7
7 12
20 20
18 4
16 28
21 9
17 25
22 6
23 7
10 8
8 24
11 5
9 21
24 27
14 18
12 6
10 18
25 26
15 11
13 7
11 27
26 17
0 4
24 1
12 28
27 28
1 1
4 10
2 6
5 11
3 23
6 0
4 16
19 24
7 5
5 21
20 19
16 19
6 26
21 18
17 18
22 25
18 25
23 28
14 21
10 29
15 16
13 0
11 16
26 24
0 27
24 8
12 27
27 21
1 26
25 5
13 26
28 22
2 1
26 2
29 23
3 28
27 11
28 12
7 2
20 26
16 10
6 29
21 27
19 7
17 11
7 24
22 16
20 0
18 16
23 21
21 5
8 6
22 10
9 7
14 28
10 4
15 25
11 9
0 18
24 15
14 6
12 18
1 19
25 14
15 7
13 19
2 24
26 13
0 8
29 16
3 5
27 0
4 6
28 11
5 7
29 10
16 1
6 20
19 12
17 12
7 17
20 15
18 11
23 18
21 14
8 13
22 13
9 8
23 8
10 15
8 19
11 14
9 18
24 22
14 9
12 9
1 20
25 23
15 12
13 12
2 19
26 20
0 15
3 10
27 25
1 14
4 13
28 2
2 13
5 0
29 3
3 16
6 15
19 21
17 5
7 14
20 22
18 2
21 23
22 4
18 28
23 1
8 26
11 7
9 27
24 29
14 16
12 0
10 16
25 24
15 21
13 5
11 29
0 6
24 3
1 7
25 2
28 25
2 4
5 9
29 28
3 25
6 6
4 18
19 26
7 7
5 19
20 29
16 21
6 24
21 16
19 0
17 16
7 29
18 23
8 1
9 28
14 27
10 27
15 18
11 18
0 29
24 10
12 21
27 23
1 24
25 11
13 24
28 16
26 0
29 21
27 13
4 25
28 14
5 28
29 15
16 12
6 19
21 25
19 9
17 9
7 26
22 22
20 2
18 14
23 23
21 3
8 8
22 8
9 5
23 13
10 2
15 27
11 11
0 20
24 17
14 4
12 12
1 17
25 12
15 1
13 17
2 22
26 11
0 10
3 7
27 2
1 11
4 0
28 5
5 5
29 8
16 3
6 10
19 14
17 2
7 19
20 9
18 9
16 25
21 12
8 15
22 3
9 14
23 10
10 13
8 21
11 0
9 16
24 24
14 15
12 11
10 23
25 21
15 14
13 10
2 17
26 18
0 1
3 12
27 27
1 12
4 15
28 28
2 11
5 14
29 1
3 18
6 13
4 21
19 23
7 8
20 16
18 0
16 16
21 21
17 29
22 26
18 26
23 3
8 28
9 25
14 22
12 2
15 23
13 3
26 29
0 24
24 5
12 24
27 16
1 5
25 0
13 29
28 27
2 2
26 7
29 26
3 27
6 4
4 28
19 28
7 1
5 17
16 23
19 2
17 22
22 29
20 5
18 21
23 24
8 3
9 2
14 25
10 25
15 28
11 20
24 12
14 3
12 23
25 9
13 22
28 18
2 29
26 14
29 19
3 0
27 15
4 27
28 8
5 26
29 13
16 14
6 17
19 11
17 15
7 20
22 20
20 12
18 12
23 17
21 1
8 10
22 14
9 11
23 15
10 0
8 16
11 13
0 22
24 19
14 10
12 14
1 23
25 18
15 3
13 15
2 20
26 9
0 12
3 9
27 4
1 9
4 2
28 7
2 14
5 3
29 6
16 5
6 8
19 16
17 0
7 13
20 11
18 7
16 27
21 10
17 26
22 1
9 12
23 4
10 11
8 23
11 2
9 22
24 26
14 13
12 5
10 21
25 27
15 8
13 8
11 24
26 16
0 3
24 0
3 14
27 29
1 2
4 9
2 9
5 12
3 20
6 3
4 23
19 25
7 10
5 22
20 18
16 18
21 19
17 19
22 24
18 24
23 29
14 20
10 28
25 28
15 17
13 1
11 17
26 27
0 26
24 7
12 26
27 18
1 27
25 6
13 27
28 21
2 0
26 5
29 24
3 29
27 8
