31 6
5 31
4 36
17 20
7 25
20 7
36 34
35 15
34 8
15 30
14 1
36 22
13 20
26 12
29 17
3 2
28 10
19 39
31 15
5 24
27 39
21 37
30 16
7 22
20 14
29 37
16 38
32 25
22 12
38 35
34 3
14 8
36 29
1 21
39 0
0 14
38 31
3 11
28 1
5 1
1 33
30 27
22 7
18 31
8 25
24 28
36 4
0 5
38 22
12 29
28 24
5 10
4 17
26 34
20 28
23 33
6 27
19 1
31 33
35 34
18 22
10 26
26 25
0 28
25 4
28 23
2 30
14 38
3 37
6 18
14 29
35 23
0 19
38 0
12 19
25 13
15 6
37 21
2 25
27 3
20 34
28 34
19 15
21 13
34 39
17 37
33 26
23 11
10 12
35 28
12 10
15 15
1 13
4 14
0 38
25 34
6 12
19 20
22 35
21 22
17 30
7 39
11 32
35 5
9 26
12 1
15 20
37 7
27 17
1 6
39 17
13 30
26 6
29 27
3 24
6 7
31 5
7 28
33 20
23 25
36 39
32 15
13 35
35 10
9 3
34 13
15 29
37 0
11 21
27 22
1 31
39 14
13 23
28 15
27 34
20 3
23 22
32 6
9 4
34 4
15 26
37 9
11 10
36 18
1 16
39 7
13 16
26 8
38 24
3 6
31 11
7 18
29 33
33 38
16 26
10 32
32 29
22 0
9 13
34 31
11 3
13 9
0 2
38 19
28 29
24 37
5 13
20 17
23 36
32 20
35 33
18 27
12 37
8 29
33 11
36 0
26 26
38 10
2 3
14 35
27 9
30 6
4 29
20 24
16 8
19 5
22 18
35 38
18 18
21 7
8 4
14 30
36 15
10 6
12 16
15 5
28 19
2 26
27 14
4 4
20 39
29 12
16 15
19 10
5 35
18 13
21 0
17 32
33 5
35 27
37 17
27 7
39 31
0 35
29 5
18 4
34 35
33 30
23 7
9 21
12 6
15 11
37 26
24 1
27 28
1 1
39 20
4 10
29 30
25 38
6 0
2 32
22 39
5 21
30 39
21 18
7 35
33 23
32 12
13 38
35 9
9 30
34 14
15 16
37 3
1 26
39 13
26 2
15 36
19 33
28 12
27 33
21 27
4 37
17 11
7 24
16 32
23 21
36 35
32 3
22 10
35 14
9 7
34 9
15 25
37 12
11 9
24 15
14 6
29 16
3 5
19 38
28 11
31 14
5 7
30 17
8 39
17 12
20 15
33 33
18 37
14 9
1 20
39 3
13 12
0 15
38 28
3 10
28 2
24 34
30 24
20 22
6 33
32 17
22 4
18 28
34 27
8 26
11 7
24 29
13 5
12 30
25 2
28 25
5 9
30 3
4 18
7 7
20 29
19 0
22 31
35 37
18 23
33 15
14 27
36 12
10 27
35 17
0 29
38 14
2 31
14 39
27 13
4 25
20 36
16 12
28 36
22 22
5 38
18 14
9 35
21 3
17 35
8 8
37 32
36 11
25 12
15 1
2 22
27 2
30 13
4 0
0 32
20 35
29 8
32 38
9 36
8 15
33 25
23 10
10 13
35 31
25 21
15 14
37 29
27 27
1 12
29 1
25 33
19 23
22 32
18 0
30 32
17 29
7 38
11 35
35 4
12 2
25 30
37 6
11 31
27 16
39 16
13 29
29 26
3 27
19 28
5 17
21 30
17 22
7 31
20 5
32 0
35 13
9 2
34 10
37 15
24 12
14 3
36 20
1 30
39 9
29 19
28 8
19 37
31 13
5 26
27 37
4 33
17 15
7 20
8 36
29 39
20 12
16 36
23 17
32 7
22 14
9 11
18 38
34 5
11 13
24 19
36 19
39 6
13 15
0 12
3 9
28 7
2 14
31 10
5 3
1 35
30 21
21 32
20 11
29 32
33 37
16 27
6 34
10 33
32 30
22 1
9 12
34 28
24 26
36 26
13 8
38 16
3 14
28 30
4 23
7 10
20 18
16 18
6 37
31 39
35 32
12 38
34 23
8 30
14 20
0 26
25 6
28 21
14 32
4 30
3 35
16 9
6 28
19 4
22 19
21 6
33 3
36 8
10 7
35 21
0 17
38 2
25 15
2 27
30 14
16 0
6 23
28 32
31 21
18 10
9 39
8 12
23 9
10 14
35 26
9 19
12 8
15 13
37 16
27 6
39 30
4 12
6 14
19 18
2 38
31 18
18 5
21 8
17 24
23 6
39 35
35 3
9 20
12 7
25 25
15 10
37 25
27 31
39 23
4 11
29 29
25 37
6 1
22 36
5 20
31 27
17 17
11 39
33 22
23 31
32 13
35 8
9 29
15 19
37 2
11 19
1 25
39 12
13 25
26 3
29 22
15 39
28 13
5 29
27 32
4 38
8 33
32 4
22 11
37 11
24 16
36 16
13 18
0 9
38 26
31 9
21 35
17 3
33 32
22 2
18 34
9 15
34 1
8 20
11 1
24 23
14 14
26 21
0 0
38 29
24 35
1 39
30 25
4 20
7 9
20 23
16 31
34 24
14 17
10 17
13 4
0 7
12 31
28 26
2 5
4 19
7 6
23 35
16 22
19 3
22 28
18 20
12 34
34 19
14 24
36 13
10 24
35 16
0 30
38 15
12 22
28 17
30 11
4 26
20 37
3 39
16 13
6 16
28 37
22 23
5 37
18 15
21 2
8 9
33 7
10 3
35 25
38 6
12 13
25 19
15 0
37 19
2 23
27 5
1 10
39 29
16 4
6 11
19 17
31 17
18 6
17 27
33 24
23 5
10 10
39 38
9 23
11 25
29 0
25 32
6 2
2 34
31 30
18 1
21 20
17 28
11 34
32 10
9 24
25 29
24 6
27 19
39 19
31 7
5 16
21 29
7 30
20 6
23 27
36 33
32 1
13 33
9 1
34 11
15 31
11 23
24 13
14 0
13 21
29 18
15 35
28 9
5 25
4 34
21 38
17 14
20 13
29 38
16 37
23 16
10 39
9 10
8 17
14 11
36 28
39 1
26 22
0 13
38 30
3 8
2 15
5 2
1 34
17 7
7 12
20 20
33 36
16 28
6 35
32 31
22 6
38 37
34 29
8 24
24 27
14 18
36 27
10 18
26 17
2 6
24 39
5 11
30 29
26 37
7 5
32 22
31 38
22 25
35 35
18 25
12 39
34 20
8 31
33 9
14 21
38 8
12 27
14 33
27 11
30 4
4 31
7 2
20 26
3 34
16 10
19 7
8 6
37 34
35 20
0 18
38 3
15 7
37 22
2 24
30 15
4 6
28 33
19 12
31 20
9 38
21 14
34 38
17 38
10 15
39 37
12 9
25 23
2 19
1 14
39 25
4 13
0 37
25 35
19 21
2 39
22 34
31 29
18 2
30 34
21 23
17 31
33 28
23 1
39 34
9 27
15 21
11 29
24 3
27 30
29 28
6 6
19 26
31 26
5 19
22 37
30 37
21 16
17 16
11 38
23 30
34 12
15 18
27 23
1 24
13 24
26 0
28 14
31 3
27 35
21 25
4 39
8 34
17 9
7 26
16 34
32 5
9 5
11 11
14 4
1 17
26 11
0 10
38 27
28 5
21 34
17 2
7 19
20 9
29 34
16 25
32 28
9 14
18 35
8 21
24 24
13 10
26 18
0 1
3 12
24 36
5 14
1 38
26 38
7 8
20 16
23 37
22 26
12 36
8 28
24 31
26 29
0 24
38 21
25 0
14 34
30 1
4 28
26 33
16 23
19 2
31 34
35 39
34 16
8 3
33 13
36 14
35 19
38 12
12 23
25 9
30 8
4 27
20 38
3 38
29 13
16 14
28 38
19 11
22 20
5 36
9 33
18 12
33 6
23 15
0 22
38 7
12 14
25 18
15 3
2 20
39 28
0 34
29 6
16 5
19 16
31 16
21 10
33 31
23 4
10 11
39 33
12 5
25 27
15 8
24 0
27 29
1 2
3 20
6 3
2 35
31 25
22 38
30 38
11 37
33 16
9 31
25 28
15 17
11 17
24 7
27 18
13 27
29 24
