57 50
46 12
29 44
33 41
16 47
80 12
79 76
9 0
83 9
86 22
52 98
73 35
76 88
62 31
45 61
66 66
25 49
8 87
99 22
32 77
31 15
14 77
1 40
75 97
7 22
65 11
68 0
58 26
41 34
44 25
88 67
17 57
20 82
94 57
24 21
0 14
3 11
23 84
33 74
53 7
29 62
33 59
93 1
2 64
97 70
5 53
9 50
76 78
42 74
5 70
96 9
99 4
45 64
32 91
89 30
14 95
18 98
38 97
78 56
37 87
58 44
98 71
61 49
44 15
27 65
34 21
91 44
98 54
67 71
91 93
40 99
63 19
50 4
80 89
63 96
12 72
90 14
36 70
19 6
2 82
22 17
97 80
9 60
66 55
52 70
55 72
96 7
25 13
71 72
1 52
75 13
54 51
58 62
88 95
94 21
77 67
30 75
87 46
70 34
63 1
50 54
53 27
39 24
43 93
90 16
19 20
97 98
22 35
62 90
66 9
86 76
56 15
49 80
32 8
35 5
92 82
96 21
25 31
11 28
14 59
71 62
1 6
75 59
58 81
21 75
27 45
47 38
13 35
87 60
70 28
60 2
43 58
50 40
97 3
43 75
83 80
29 20
19 34
2 54
76 17
22 61
79 4
52 90
59 56
18 41
92 32
85 15
89 68
72 12
58 99
44 82
47 71
68 88
17 1
20 10
3 50
23 47
6 45
10 32
67 17
3 67
43 40
63 37
36 25
80 51
46 86
12 98
73 20
93 73
76 7
2 8
5 13
79 10
89 37
18 27
92 54
75 86
96 49
7 63
65 92
11 56
85 17
68 63
14 23
89 86
7 76
48 3
51 14
94 80
98 15
30 6
88 9
87 83
0 85
91 20
77 25
24 91
23 61
67 31
39 93
93 42
39 50
97 47
46 96
12 16
86 11
73 6
2 26
79 24
62 96
35 94
59 68
32 34
92 4
4 72
99 74
7 45
68 45
71 16
54 72
58 7
78 66
61 26
17 92
37 17
94 66
24 58
87 97
3 46
77 11
60 69
23 51
6 9
53 34
40 41
60 52
43 20
29 89
90 89
53 83
36 61
39 32
9 21
12 6
69 51
73 48
56 88
19 76
5 97
31 24
89 1
4 62
71 6
54 90
41 55
37 3
94 76
41 64
34 97
0 49
77 61
84 81
50 97
39 65
43 2
2 79
93 14
22 10
80 13
79 79
97 75
83 8
52 99
15 25
73 34
62 28
66 67
59 96
25 48
99 25
45 77
31 14
21 36
8 39
48 78
72 68
1 88
58 27
61 62
88 68
37 53
20 83
98 37
6 90
91 78
3 10
53 6
29 61
16 30
36 81
93 0
22 4
83 22
12 42
86 33
42 75
62 14
45 46
38 23
8 70
28 25
14 92
18 99
1 57
65 4
11 64
37 86
61 48
27 64
88 82
51 70
34 18
17 42
91 47
20 97
77 80
6 84
10 27
30 94
13 62
87 27
77 33
33 91
70 64
57 77
80 90
26 42
33 52
16 12
36 71
93 18
5 38
79 35
9 35
66 52
86 51
69 25
52 71
45 32
49 37
92 93
95 48
72 17
18 85
75 12
51 39
72 96
37 88
27 94
47 19
51 84
34 36
17 36
77 66
6 70
87 41
74 46
40 82
63 0
50 55
53 26
57 95
29 1
19 23
97 97
5 40
22 32
9 45
66 6
86 77
69 11
15 67
56 16
59 45
42 47
32 9
35 4
18 52
95 38
25 30
18 71
1 5
58 94
78 21
51 53
54 2
47 33
87 78
20 5
94 4
6 48
10 63
50 86
40 64
3 84
64 70
63 54
97 2
29 19
19 37
5 26
79 7
62 69
66 24
15 81
59 59
32 7
31 49
95 20
4 85
8 16
14 10
72 13
58 96
44 83
48 22
10 94
34 72
20 11
3 53
23 46
84 40
57 10
40 78
60 17
90 66
97 28
80 52
83 97
46 87
12 99
69 94
19 51
93 72
79 21
55 12
59 73
25 73
31 39
89 36
35 32
38 95
4 91
7 62
65 83
11 59
14 20
72 59
75 38
44 65
47 84
17 97
24 45
88 10
24 92
84 62
67 30
60 39
63 42
90 84
93 41
46 97
86 8
15 4
73 5
2 27
62 97
35 65
56 58
96 81
31 21
35 46
18 10
92 5
38 73
4 73
8 12
54 73
44 55
51 31
17 83
37 16
41 85
98 30
88 24
0 36
77 10
81 79
57 38
40 42
39 82
60 53
43 23
46 0
39 35
86 26
16 66
73 55
56 89
19 79
5 96
52 13
85 67
31 27
89 0
8 58
7 34
48 81
85 52
72 87
71 1
54 91
1 77
58 22
44 37
34 15
17 77
37 2
20 78
94 77
27 20
30 99
74 25
50 30
57 48
39 64
63 78
33 47
90 40
73 80
36 44
93 13
9 6
19 93
42 70
5 82
45 59
38 26
8 89
99 24
28 4
14 83
4 45
78 44
48 79
11 85
58 24
61 61
44 27
20 92
94 63
24 23
98 34
6 91
81 26
10 22
67 91
13 11
74 11
77 46
33 72
57 66
46 28
33 57
90 58
79 92
22 5
83 25
12 43
86 38
59 0
42 72
96 11
89 28
71 84
1 56
75 17
21 53
65 27
58 42
98 69
44 9
27 67
47 12
51 73
34 19
6 85
67 73
13 61
70 65
53 23
80 91
12 74
90 12
73 76
19 8
93 17
2 80
5 37
26 90
83 39
86 48
52 64
56 3
42 58
62 57
49 36
35 25
92 94
55 74
95 51
25 19
14 47
72 18
75 15
58 77
4 1
95 64
65 21
51 38
72 97
54 49
61 65
27 81
30 62
51 87
34 37
37 40
94 27
23 5
6 71
81 6
84 21
30 73
70 32
74 47
40 83
60 14
50 52
33 84
19 22
2 34
22 33
5 23
86 66
55 43
92 44
55 88
38 48
96 23
99 34
82 22
14 57
71 56
1 4
21 73
78 26
54 3
47 32
87 73
34 55
91 10
84 27
50 87
70 18
74 81
60 28
43 60
36 21
97 1
80 71
79 6
52 36
15 80
56 31
76 98
45 3
32 24
31 48
35 53
18 39
75 90
38 34
96 37
99 80
82 8
65 64
28 76
85 13
89 74
72 14
54 98
1 22
21 91
44 76
48 23
47 65
68 90
54 29
17 7
6 35
84 41
50 73
63 39
22 82
26 17
69 93
15 49
93 71
9 72
52 42
56 45
96 68
59 72
42 0
25 72
38 92
96 51
8 31
7 57
65 82
28 66
85 31
89 84
72 60
47 87
68 72
51 16
94 86
30 4
88 11
91 22
20 26
77 23
23 63
6 29
67 1
29 69
97 45
80 35
12 18
86 9
73 4
19 64
76 55
42 99
35 64
28 33
31 20
18 11
21 14
7 47
11 40
85 33
58 5
94 64
74 20
20 40
67 15
57 37
39 77
43 22
63 91
16 52
90 39
93 58
97 63
86 27
69 49
16 67
73 54
19 78
42 85
62 16
66 79
52 14
96 96
82 79
85 66
32 50
31 26
4 56
8 59
7 29
48 82
85 51
71 0
54 88
78 82
61 42
48 33
17 76
20 79
41 70
81 47
27 23
30 96
13 24
0 51
77 59
60 85
70 90
57 55
40 25
39 67
63 73
29 41
33 46
16 34
97 73
9 5
12 54
15 27
19 92
76 91
66 65
38 27
59 98
25 54
8 90
99 27
89 17
1 45
75 98
21 34
4 46
68 3
54 42
41 39
61 60
17 62
37 51
94 60
77 92
98 35
81 25
10 23
87 7
74 8
0 1
77 45
23 81
33 56
16 16
90 59
73 65
93 30
97 91
5 50
79 95
26 73
66 32
12 36
69 21
76 73
59 3
5 67
62 12
45 44
92 73
1 63
95 93
4 28
65 26
54 36
37 84
41 17
51 72
34 16
17 40
77 78
33 89
26 40
36 65
22 20
5 36
26 91
66 50
69 7
25 97
62 62
31 95
55 69
25 18
99 55
14 44
71 69
21 70
95 67
78 9
72 98
37 70
41 3
61 64
27 80
17 26
91 63
77 64
30 78
13 46
70 33
40 84
63 2
50 53
53 24
57 93
39 21
43 94
83 71
46 57
19 25
2 35
5 22
79 51
9 83
83 52
69 9
52 87
15 77
42 45
49 85
32 11
35 6
38 49
95 32
82 23
71 59
18 69
1 27
75 60
41 13
61 82
27 46
88 48
87 72
34 52
17 20
0 76
24 66
6 54
10 61
13 32
40 66
64 88
50 39
36 22
39 11
43 76
26 12
83 85
29 17
2 53
55 56
45 2
49 71
31 51
18 36
38 35
96 38
4 87
95 22
8 18
85 12
44 77
7 91
47 64
47 49
30 27
87 94
17 6
91 27
20 21
3 55
6 32
10 47
84 42
50 70
13 82
57 8
60 19
63 38
36 4
39 57
26 30
19 53
76 2
93 70
5 10
9 79
56 46
55 14
25 79
32 23
89 42
35 34
18 22
75 75
38 93
96 52
99 65
7 56
65 81
28 67
11 61
85 30
68 58
8 0
89 91
61 5
44 67
7 73
51 19
24 47
10 78
88 12
34 88
0 40
81 83
13 68
39 94
33 1
53 78
80 36
12 19
16 86
73 11
19 67
76 48
42 96
49 18
52 57
56 60
28 34
89 52
21 13
8 14
7 46
65 35
28 81
68 40
61 23
44 49
48 52
51 97
94 65
98 28
81 60
0 38
20 41
77 8
63 90
29 86
16 53
53 80
93 57
97 62
69 48
16 68
52 15
55 18
25 43
82 76
45 88
28 48
32 51
89 6
14 71
4 57
8 60
7 28
11 89
54 89
41 52
78 83
34 13
94 51
41 69
24 11
98 46
81 46
74 7
77 58
39 66
63 72
46 16
29 40
33 45
90 54
19 95
49 62
52 29
25 53
85 83
71 96
72 71
78 93
44 21
88 71
17 61
20 94
10 20
70 58
91 67
3 15
50 14
57 64
40 8
46 34
33 63
73 64
36 92
2 92
97 90
5 49
79 94
86 36
69 20
59 2
45 43
8 73
28 20
32 95
71 86
1 62
75 19
4 29
78 60
65 25
37 83
58 40
44 11
27 69
30 50
51 75
91 32
94 47
77 77
98 50
6 75
81 10
67 75
30 93
91 81
33 88
70 71
80 93
43 99
26 41
46 44
12 68
19 10
2 46
22 21
97 84
79 44
69 6
59 16
42 56
62 63
45 29
31 94
92 88
55 68
38 4
14 45
72 20
18 80
1 8
21 69
78 14
68 96
54 55
34 35
91 62
84 23
67 57
30 79
13 45
40 85
63 13
50 50
43 81
46 62
90 28
76 31
22 39
5 21
9 82
86 64
69 8
15 76
42 42
35 9
92 46
82 20
14 63
71 58
18 66
1 26
21 87
68 86
41 12
30 46
88 49
23 21
6 55
84 37
67 39
13 95
74 95
43 62
50 36
36 23
22 70
80 57
43 79
83 84
46 72
76 13
5 7
79 0
62 72
86 82
56 33
42 28
32 26
18 37
75 92
95 17
99 82
82 6
28 78
85 11
89 72
72 48
54 96
1 20
7 90
47 67
27 63
47 48
30 24
88 63
34 71
20 22
77 99
64 56
84 43
50 71
40 49
90 65
22 80
79 97
83 98
46 90
16 89
15 51
56 64
19 52
76 3
5 9
79 22
56 47
42 14
25 78
28 45
32 40
31 32
89 41
92 50
96 53
4 70
14 27
51 18
10 79
88 13
34 89
20 36
84 57
39 46
22 98
86 15
73 10
19 66
2 22
76 49
96 84
25 88
38 76
99 78
65 34
28 82
11 42
8 15
68 41
72 44
44 50
51 96
17 80
94 70
27 27
67 96
77 7
60 65
81 76
6 13
40 45
60 48
46 7
90 37
80 19
79 69
9 25
69 63
16 69
15 23
19 80
96 98
59 86
85 64
32 52
31 4
89 5
92 22
4 58
78 33
48 84
85 49
68 31
72 90
71 2
1 66
58 21
78 80
37 15
41 68
24 12
98 47
13 22
74 4
23 93
50 29
63 75
46 17
33 44
16 36
90 55
73 85
2 75
93 10
97 79
83 12
66 44
19 94
42 69
5 95
52 30
25 52
99 29
8 92
28 7
85 82
31 10
89 23
71 99
4 40
78 51
48 66
54 40
41 37
61 58
17 60
77 90
98 33
81 31
87 1
70 59
74 54
3 14
64 96
50 15
57 71
29 57
33 62
16 18
5 48
22 24
83 26
86 37
69 19
76 75
42 55
5 65
45 42
66 81
38 11
25 6
8 74
82 49
71 81
18 95
75 18
4 30
78 61
7 3
65 24
11 68
37 82
58 41
41 23
98 64
47 9
30 51
51 74
34 46
91 35
94 44
98 51
6 72
10 7
30 66
87 23
70 53
74 56
63 30
50 1
53 20
57 81
43 98
26 54
29 11
12 69
16 0
90 11
36 67
19 13
69 5
52 67
31 89
38 5
95 60
14 50
1 15
75 0
4 12
58 59
30 61
51 88
34 32
94 30
10 9
67 56
30 76
13 44
70 39
64 76
63 12
50 51
39 23
46 63
90 29
76 24
5 20
62 95
9 81
66 2
86 65
56 20
42 43
62 46
32 13
31 79
96 42
82 21
14 60
71 53
75 62
58 90
78 25
44 89
11 96
68 87
27 32
88 50
0 78
91 15
24 68
67 38
13 94
87 59
70 17
74 92
3 88
60 31
63 50
97 6
5 6
52 39
15 93
56 34
55 58
59 63
25 67
38 33
4 81
82 7
11 1
71 43
44 79
48 10
47 66
10 90
47 51
30 25
87 88
34 68
91 29
20 23
3 57
6 38
64 57
84 52
67 20
13 80
70 3
74 78
3 70
60 45
43 47
63 32
36 6
79 96
26 28
46 91
12 31
69 90
16 90
15 50
76 60
5 8
56 48
96 71
42 15
28 46
32 41
89 40
18 20
92 51
7 58
65 87
11 63
85 28
89 89
72 63
61 3
68 75
98 8
10 76
30 11
20 37
3 39
40 32
33 7
90 80
53 76
36 52
15 0
2 23
49 16
52 59
28 60
32 39
31 17
4 53
65 33
11 45
72 45
44 51
51 99
98 26
81 50
67 99
3 21
64 5
84 72
53 45
57 42
60 49
29 84
33 17
12 3
15 22
62 23
66 74
52 9
25 41
82 74
85 79
14 69
89 4
92 23
21 29
78 38
48 85
11 91
85 48
58 18
78 81
61 39
44 33
34 11
37 14
20 74
94 49
41 75
98 44
81 44
20 57
3 3
60 80
84 94
57 52
2 72
93 9
97 78
22 15
26 66
9 10
19 97
45 55
49 60
35 97
99 28
82 60
45 72
28 0
32 67
4 41
11 73
54 41
58 36
41 36
27 73
17 51
94 35
24 27
81 30
87 0
0 4
77 42
70 75
26 37
29 56
33 61
97 88
5 63
26 84
66 63
59 4
42 52
5 64
45 41
49 46
28 22
85 99
32 81
89 96
21 49
4 31
78 2
65 31
54 59
44 5
27 71
88 87
51 77
17 45
98 48
81 8
84 3
67 77
87 22
70 42
74 57
91 83
63 25
50 62
33 94
70 69
57 80
80 95
26 55
46 50
12 70
16 1
90 8
9 38
66 49
86 52
59 18
42 38
45 27
49 88
18 63
92 90
95 63
72 22
58 73
21 67
54 53
98 83
61 93
30 34
88 37
51 91
17 31
13 43
87 36
64 77
97 11
83 72
90 26
76 25
83 57
15 78
45 13
31 78
18 49
99 38
11 18
85 7
72 4
75 49
48 29
51 56
27 35
47 44
30 44
17 9
91 14
20 2
24 69
67 41
87 58
60 24
43 48
39 4
22 68
15 47
36 96
76 15
22 55
9 66
66 21
56 35
59 62
25 66
49 68
31 60
18 35
92 62
4 82
8 21
65 68
11 0
68 55
68 70
51 6
61 97
10 91
47 50
30 30
87 91
34 69
91 28
20 16
23 37
64 58
84 53
50 69
13 79
70 0
74 79
57 13
40 51
63 35
29 79
39 58
97 23
26 29
15 61
56 66
19 54
93 67
76 61
9 76
52 54
35 86
56 49
42 12
28 47
92 12
75 76
38 80
96 55
4 64
95 1
7 53
11 62
68 37
14 25
61 2
44 62
88 96
51 20
10 77
30 8
3 38
77 19
23 59
64 8
93 36
39 40
12 14
86 13
69 75
15 3
76 51
55 25
45 99
28 61
49 96
92 2
38 66
21 10
4 54
8 49
7 43
85 45
58 1
78 68
61 20
48 55
51 98
94 68
67 98
74 16
3 20
60 67
81 66
64 6
46 5
29 83
53 93
36 59
93 54
79 71
9 31
86 31
16 71
56 94
76 33
42 81
62 20
66 75
52 10
92 97
99 17
45 85
89 11
8 63
7 25
65 50
11 90
68 25
72 92
1 64
58 19
41 57
61 38
17 64
37 13
94 54
24 14
98 45
81 35
74 2
3 2
84 95
50 27
29 37
33 34
90 53
2 73
93 8
80 3
97 77
83 14
66 42
12 50
69 47
19 96
42 67
66 93
35 96
99 31
82 61
45 71
71 93
1 33
4 42
8 45
7 15
65 12
11 72
68 15
88 74
17 50
20 89
6 92
10 19
30 86
0 5
91 68
64 98
50 13
70 72
53 0
26 34
12 81
16 20
90 7
73 69
36 95
2 91
97 95
79 91
26 85
83 28
12 32
49 45
82 47
28 23
75 20
58 68
21 48
11 70
37 80
44 6
88 88
51 76
34 44
17 44
91 37
37 33
67 76
30 64
13 56
87 17
0 19
74 38
91 82
23 99
63 24
50 63
33 93
39 99
80 80
26 52
46 51
12 71
90 9
36 77
19 15
62 83
9 37
86 53
42 39
45 26
35 28
18 60
92 91
99 59
82 33
71 65
1 13
58 86
95 79
48 96
68 99
51 45
54 10
98 80
27 84
30 35
88 38
23 0
10 55
84 18
67 58
13 42
87 39
26 6
83 75
46 61
29 27
19 29
83 56
52 83
15 73
55 38
42 41
45 12
49 73
18 46
92 41
95 44
99 41
65 73
72 5
18 65
1 31
58 88
44 91
7 97
27 34
10 86
47 47
88 52
34 48
91 1
94 14
24 70
84 32
67 40
50 80
13 92
74 90
57 2
3 90
43 51
50 35
36 18
39 7
97 4
80 60
83 89
46 79
15 46
36 97
2 49
76 8
5 4
79 13
62 79
9 65
66 18
15 95
55 52
96 75
42 27
35 56
75 81
38 39
95 18
8 22
82 5
65 91
44 73
68 71
24 37
27 48
10 88
30 31
88 2
34 66
20 17
6 36
10 43
50 66
13 78
3 72
60 47
63 34
29 78
39 53
22 87
80 42
12 25
73 29
19 57
2 3
76 62
93 66
79 19
86 99
52 55
56 50
42 13
28 40
75 79
38 81
99 69
68 38
14 30
71 27
61 1
24 51
20 39
60 78
23 58
6 22
13 64
40 34
39 90
33 5
36 54
93 35
39 43
80 24
12 15
16 74
73 15
93 84
52 5
35 71
96 87
45 98
31 19
18 4
38 67
21 9
7 42
65 39
58 14
61 19
47 96
94 69
98 24
27 28
0 58
77 4
60 92
23 72
84 74
53 43
40 16
43 13
29 82
16 41
90 32
53 92
36 36
80 22
86 28
69 60
73 57
19 85
42 94
92 98
25 47
82 72
31 1
89 10
92 17
21 27
4 37
78 36
99 97
65 49
8 32
37 12
24 15
6 99
81 34
91 73
74 3
3 5
77 54
84 88
50 24
70 95
53 61
57 58
33 33
80 4
83 17
69 46
73 43
76 80
49 50
35 99
25 57
45 70
28 2
85 95
14 85
89 20
78 54
65 3
48 69
11 75
72 75
1 81
58 34
41 42
98 77
44 17
88 75
20 90
6 93
10 16
30 87
60 96
50 10
53 15
40 12
26 35
29 54
73 68
19 0
93 25
97 94
79 90
9 58
66 61
59 6
62 49
49 44
31 84
92 70
14 39
18 90
1 50
21 63
95 88
78 0
65 29
54 57
61 73
27 89
47 10
51 79
6 79
84 13
13 55
70 40
0 20
74 39
3 97
33 92
53 17
80 81
16 3
19 14
62 80
69 2
56 9
59 20
45 25
96 31
82 30
32 97
71 64
75 5
58 87
21 65
48 97
98 81
47 24
30 32
34 63
94 29
23 3
6 57
84 19
67 61
87 38
40 89
63 9
50 46
53 99
39 16
97 9
26 7
29 26
76 27
62 66
66 1
86 68
15 72
59 34
32 0
31 72
18 47
99 40
71 54
1 30
21 83
7 96
68 82
51 58
54 5
27 37
30 18
17 15
0 65
94 15
10 38
84 33
67 43
13 91
87 52
70 20
57 1
40 71
3 93
60 26
64 93
63 63
39 6
83 88
93 79
76 9
22 53
5 3
62 76
66 19
15 94
55 55
42 24
25 64
14 98
18 33
38 36
95 29
4 92
99 86
11 2
68 49
72 52
75 33
7 86
51 8
54 23
88 3
34 67
3 58
77 31
64 60
84 55
50 67
70 6
74 77
40 53
3 75
63 45
33 10
90 77
36 1
22 84
46 94
16 93
15 63
73 28
19 56
76 63
49 27
35 88
56 51
96 90
25 82
28 41
92 14
38 86
21 6
95 3
7 55
85 25
68 39
7 68
48 59
47 93
17 90
0 45
60 79
23 53
81 86
64 10
84 69
60 62
97 39
80 25
12 8
16 75
19 70
2 18
93 83
52 6
55 27
82 87
45 97
28 63
31 18
89 63
38 64
21 8
48 90
11 46
85 43
72 80
71 8
58 15
47 99
37 25
81 55
27 31
20 54
77 3
53 42
74 97
43 12
29 81
33 22
90 33
53 91
36 37
79 65
9 29
15 19
56 96
19 84
66 73
82 73
8 82
31 0
89 9
21 26
4 38
8 33
85 61
58 17
41 63
61 36
44 28
24 16
6 96
91 72
23 89
64 22
84 89
50 25
53 60
57 57
40 31
73 89
2 71
93 6
26 65
15 97
73 42
19 98
59 11
66 91
31 97
52 26
38 29
28 3
85 94
89 27
4 20
78 55
7 9
48 70
72 76
41 41
44 18
88 76
51 64
34 24
91 41
37 61
24 30
98 61
6 82
10 17
13 4
87 29
50 11
40 13
33 50
97 93
79 37
26 83
9 57
83 30
5 77
62 54
35 16
55 77
25 10
65 99
28 17
85 96
71 77
18 91
21 62
37 94
58 53
98 92
88 90
17 34
77 72
67 78
13 54
0 21
16 4
90 23
36 79
2 43
22 46
5 46
79 43
9 43
69 1
52 79
56 10
42 37
18 58
92 85
96 16
95 56
72 25
18 77
1 3
37 64
27 86
88 40
51 92
23 2
6 62
50 92
13 40
87 33
74 86
40 90
60 5
22 73
26 4
46 67
29 25
69 98
90 25
2 61
76 20
5 16
79 57
52 93
15 75
56 24
18 44
96 46
82 17
65 79
14 0
21 82
78 29
48 16
47 41
17 14
91 3
0 66
6 40
84 34
67 42
87 55
43 53
64 94
63 62
50 33
39 1
43 66
46 77
36 99
19 45
76 10
93 78
62 77
52 35
42 25
31 57
38 37
96 60
8 24
82 3
99 89
89 83
44 75
48 14
68 65
41 97
24 39
47 63
88 4
87 84
0 80
23 38
6 26
64 61
10 41
70 7
43 35
90 74
53 70
97 20
22 85
46 95
73 3
19 59
79 29
52 49
55 4
82 98
35 40
75 65
38 87
21 5
8 6
7 54
11 51
72 35
61 31
7 71
48 60
88 99
51 25
37 22
98 4
88 18
34 82
3 43
77 16
60 72
23 52
6 20
81 85
57 28
40 36
60 63
33 27
2 96
93 33
39 37
80 26
93 82
76 46
49 20
35 73
55 26
25 35
45 96
28 56
31 29
92 29
4 49
11 33
47 98
41 93
24 3
20 55
77 2
23 74
39 74
29 80
33 21
53 90
93 51
80 8
9 28
56 97
76 92
62 27
49 6
52 21
14 73
92 19
4 39
11 95
54 83
41 62
61 35
44 29
34 7
41 79
24 17
87 14
74 1
3 7
77 52
23 88
53 59
46 26
29 34
90 48
73 88
36 84
80 6
79 86
26 78
9 14
66 41
12 45
69 44
15 96
73 41
5 90
62 5
45 51
49 48
99 0
85 93
1 38
4 21
78 52
48 71
54 45
58 32
98 75
61 53
27 77
47 6
37 60
94 39
77 85
91 89
60 98
70 79
53 13
40 14
26 33
46 36
73 74
36 90
2 86
66 59
42 48
92 64
55 76
38 12
25 9
8 79
99 14
65 98
28 18
32 85
14 37
1 48
75 9
21 61
95 90
65 19
54 63
37 93
58 50
98 93
61 71
44 1
27 91
47 20
51 81
6 77
81 12
87 18
91 87
74 37
3 99
63 5
50 58
43 89
29 6
90 20
36 72
2 40
5 45
62 86
9 42
86 72
56 11
59 22
49 92
35 1
25 27
82 28
11 24
32 99
72 26
71 66
1 2
95 72
4 9
44 96
48 99
37 79
47 26
88 41
34 61
17 19
23 29
67 63
50 93
13 39
70 24
74 87
40 91
63 11
39 18
22 78
26 5
83 76
29 24
69 97
19 30
76 21
5 31
62 64
9 84
66 31
86 90
55 35
32 2
31 74
35 15
99 42
11 22
85 3
89 64
71 48
75 53
21 81
44 86
7 98
48 17
98 97
27 39
91 2
24 73
23 19
6 41
64 32
84 35
57 7
40 73
3 95
39 0
26 23
73 16
19 44
93 77
76 11
9 70
86 84
59 50
25 70
32 16
31 56
89 33
14 96
18 31
38 90
8 25
65 88
11 4
85 21
89 82
71 38
61 12
7 80
68 66
10 71
88 5
20 28
6 27
67 27
74 75
60 42
43 34
63 47
33 8
93 46
39 54
26 25
73 2
93 95
2 30
79 28
49 25
52 50
42 8
25 80
31 46
18 17
92 8
38 84
21 4
4 76
95 13
99 70
7 49
65 42
28 90
85 39
89 92
72 36
14 29
71 20
61 30
44 58
17 88
37 21
24 54
27 3
30 12
34 83
0 47
3 42
6 21
84 71
53 38
57 35
60 56
43 16
63 93
29 93
16 62
90 93
39 36
97 37
80 27
9 17
12 10
86 1
69 55
16 77
15 15
2 16
93 81
82 85
32 60
21 22
7 39
11 32
85 41
72 82
54 70
1 74
41 51
78 72
44 40
27 96
17 74
94 72
27 17
60 95
81 70
64 26
84 85
57 45
39 69
63 67
29 47
16 44
90 47
36 39
97 55
69 57
15 29
56 98
76 93
42 93
62 24
52 22
8 84
82 71
45 81
28 15
85 74
4 32
8 35
99 98
65 54
85 59
54 80
1 68
58 31
88 64
37 9
87 9
91 74
77 51
53 58
46 27
16 26
93 4
80 7
79 81
66 38
12 46
86 45
42 79
25 62
8 66
32 88
14 88
71 89
75 26
95 87
65 0
44 12
27 76
47 1
88 78
51 66
34 22
17 54
91 43
98 59
81 17
10 31
30 90
13 2
87 31
70 61
0 25
91 88
77 37
53 12
26 46
46 37
29 51
16 8
73 73
19 5
5 58
79 39
9 63
83 32
86 63
59 27
42 49
5 75
45 36
96 4
25 8
99 49
82 43
71 79
18 89
95 69
54 60
37 92
58 51
98 90
37 45
94 22
23 14
84 8
30 68
13 52
87 45
70 47
0 23
91 86
3 98
63 4
57 91
26 48
12 67
16 6
2 41
22 44
62 87
9 41
69 15
52 73
55 44
49 83
18 56
96 18
99 63
28 97
71 61
18 75
1 1
75 6
58 82
95 75
78 17
44 97
54 14
37 78
27 40
30 39
91 55
94 0
84 30
50 90
13 38
63 10
50 45
33 99
39 13
97 14
26 2
46 65
69 96
62 65
66 28
56 26
42 21
32 3
31 53
35 14
92 37
82 15
65 77
14 6
72 9
1 19
21 80
7 93
48 18
68 93
27 38
47 43
20 15
24 74
6 46
64 33
3 94
36 30
80 48
22 89
26 20
46 83
73 23
19 47
79 9
86 85
59 53
32 17
18 28
92 59
96 62
65 95
28 69
71 33
61 11
7 83
24 41
10 68
30 3
88 6
87 86
34 94
91 19
0 82
20 29
3 63
24 88
23 32
6 24
84 50
67 26
57 16
40 56
60 43
43 37
29 74
33 15
90 72
97 42
80 46
46 93
73 1
93 94
56 54
96 93
25 87
31 41
92 9
75 67
38 85
8 8
99 73
28 91
85 38
72 37
71 23
61 29
44 59
94 95
81 58
91 97
60 74
64 13
84 64
67 8
40 38
39 86
29 92
90 90
53 86
80 28
69 54
19 75
93 80
2 17
9 97
49 10
52 1
35 75
45 94
32 61
18 0
92 31
4 51
68 16
72 83
71 5
78 73
27 99
17 73
94 73
98 20
27 16
0 62
20 49
3 27
64 27
84 86
70 97
57 44
40 20
43 1
63 66
93 49
80 10
9 2
86 16
69 56
15 28
19 89
62 25
66 68
49 4
8 85
85 73
32 75
31 13
7 20
78 91
34 5
17 59
37 8
94 59
24 19
91 77
53 57
57 62
40 2
46 24
29 32
12 88
33 37
2 66
93 3
66 39
12 47
73 47
76 76
42 76
62 11
49 54
99 2
8 67
28 30
71 88
38 99
4 23
1 85
47 0
51 69
37 58
94 37
77 83
24 97
98 56
81 16
13 1
70 50
91 91
40 97
77 36
50 6
33 70
70 77
29 50
90 0
93 21
22 19
5 57
79 38
59 26
45 35
31 80
35 21
96 5
25 15
99 48
82 40
32 87
14 43
18 86
1 54
21 59
95 68
41 24
61 69
88 93
51 83
91 56
94 23
6 67
63 7
33 80
57 90
43 91
83 64
36 74
22 45
62 84
66 11
15 70
42 32
49 82
31 70
95 37
25 25
11 26
71 60
18 72
75 57
4 11
27 43
30 36
34 59
17 17
91 54
23 31
10 48
67 33
3 83
64 67
22 76
43 73
26 3
46 70
22 63
15 84
59 38
42 18
31 52
18 43
38 46
96 33
65 76
85 1
89 70
1 18
75 55
78 96
48 19
47 69
94 96
27 57
10 83
47 42
30 22
88 57
87 67
34 77
0 69
20 8
3 48
6 47
64 34
50 77
13 87
74 71
64 81
22 94
43 71
26 21
83 92
12 96
15 53
19 46
93 75
2 10
76 5
79 8
52 46
15 90
55 51
96 64
42 4
32 18
31 58
18 29
75 84
4 88
7 61
65 94
11 6
89 80
71 32
75 37
21 97
24 42
47 56
88 7
87 81
91 18
74 73
57 23
40 57
60 36
29 73
53 67
36 13
93 44
97 41
46 98
16 81
56 72
19 60
2 28
79 30
52 60
96 94
59 66
31 40
75 66
38 74
99 72
8 9
65 40
11 52
85 37
71 22
7 64
51 26
81 57
27 5
91 96
3 44
77 13
60 75
67 11
57 33
40 39
60 58
63 95
16 48
53 85
36 51
93 62
39 38
80 29
9 23
12 4
69 53
15 9
56 86
9 96
82 83
45 93
31 30
18 1
92 24
7 33
65 58
85 55
68 17
71 4
78 78
61 46
27 98
94 78
41 66
24 6
34 99
77 63
6 5
50 99
40 21
33 42
90 45
73 83
36 33
97 53
83 6
86 17
15 31
19 88
99 23
82 69
8 86
32 76
31 12
1 41
21 38
95 99
7 23
48 76
54 86
41 35
78 88
44 24
34 2
81 37
67 86
0 13
33 75
53 56
57 61
40 3
12 89
2 67
26 77
83 20
86 35
49 53
32 90
1 59
75 28
65 6
54 32
58 47
61 50
94 42
6 86
81 23
84 4
67 68
30 88
70 51
0 27
50 7
80 88
26 44
29 49
12 79
16 10
90 1
73 79
36 69
2 85
9 61
66 54
52 69
59 29
5 73
62 58
35 20
38 3
95 54
99 51
14 40
65 16
47 17
30 59
88 94
34 38
91 59
77 68
6 64
81 1
67 50
50 57
90 96
39 25
43 90
46 53
90 19
2 39
22 34
66 8
69 13
59 43
62 36
45 20
31 65
18 54
96 20
25 24
8 96
28 99
14 58
71 63
18 73
1 7
54 12
37 76
88 44
87 76
34 56
0 72
67 32
13 36
87 61
70 31
74 82
60 1
63 52
50 43
39 15
97 12
22 77
29 21
15 38
79 5
15 87
55 60
42 19
32 5
31 55
35 48
38 47
96 34
95 42
82 13
65 67
11 11
14 4
75 54
58 98
27 56
47 53
87 66
91 7
20 9
3 51
67 46
50 74
13 86
70 9
74 68
57 4
40 76
60 23
64 82
63 58
90 68
22 95
26 18
73 21
19 49
55 50
42 5
38 89
95 24
4 89
85 18
14 22
1 99
75 36
48 2
17 99
37 96
0 84
77 26
81 95
84 60
60 37
36 14
46 99
12 23
86 10
56 73
19 63
2 29
79 25
96 95
59 69
82 94
31 43
35 44
18 12
75 69
38 75
21 1
95 14
7 67
47 88
51 29
94 93
24 57
98 0
27 4
60 68
6 8
84 66
57 32
39 80
29 90
93 61
97 58
9 22
19 77
42 86
5 98
35 77
82 80
32 63
14 67
8 56
48 95
58 8
78 79
44 43
24 7
98 18
13 27
0 48
74 27
77 62
23 70
64 29
84 80
